315
302
297
303
321
391
345
306
376
356
296
351
352
276
316
351
282
300
355
295
285
356
318
278
344
336
274
352
436
492
658
660
660
660
658
461
239
245
250
250
339
326
253
309
332
260
292
338
274
278
341
291
270
341
314
266
334
335
271
324
353
286
314
364
303
304
373
327
294
365
348
297
359
369
302
346
379
312
329
385
325
312
377
334
293
357
342
283
340
351
277
313
352
281
292
353
299
281
348
315
272
342
336
277
334
357
289
322
364
301
307
367
313
289
359
331
282
347
347
279
329
354
284
311
359
295
293
357
309
279
349
326
274
336
342
276
323
353
284
307
360
300
291
355
313
279
349
333
278
338
347
282
330
373
312
331
387
326
312
385
351
310
375
363
302
357
366
290
321
356
288
301
359
302
283
351
317
274
342
336
275
327
367
369
530
659
659
660
661
654
444
273
204
224
342
346
261
301
330
262
289
340
279
277
342
297
268
340
320
266
330
340
276
323
360
293
313
368
309
302
374
335
301
370
357
300
362
378
311
352
388
321
334
392
334
316
380
342
296
361
350
286
338
354
282
316
356
288
295
353
298
278
348
317
272
339
336
274
328
353
287
317
363
300
303
367
320
292
359
335
286
351
351
284
333
361
291
312
363
300
296
361
314
280
350
331
274
337
348
279
323
359
289
308
364
303
290
358
321
283
350
335
276
334
350
280
321
359
290
302
361
306
294
370
338
296
367
359
293
350
378
310
339
382
316
319
375
317
291
354
322
274
340
338
273
325
351
283
312
361
293
290
355
347
418
639
660
660
661
659
591
363
232
204
308
382
300
274
338
299
265
332
316
263
322
335
268
310
347
281
297
353
298
287
354
320
282
351
343
285
346
366
301
338
381
316
327
388
334
317
386
355
312
377
372
309
359
379
307
335
376
305
305
362
309
281
348
318
267
330
332
266
316
343
274
301
352
289
287
354
310
278
349
330
277
340
348
282
328
363
292
311
366
306
296
359
318
280
347
331
273
331
345
277
316
354
285
299
357
299
281
348
314
273
340
332
271
328
346
277
310
354
287
295
354
305
283
352
320
274
342
339
277
329
354
293
329
377
314
313
374
324
304
378
349
293
358
359
290
333
357
285
305
354
290
286
350
304
274
345
324
270
331
337
271
350
479
556
659
660
660
658
632
339
155
257
318
284
326
327
254
297
337
267
277
337
285
268
340
305
262
330
324
263
322
343
276
312
359
295
301
364
314
292
362
334
291
362
362
296
346
375
309
340
387
320
318
381
334
306
370
343
290
352
349
280
325
350
276
297
349
285
276
340
297
264
334
315
262
325
333
266
310
349
284
302
356
296
285
354
315
278
347
335
273
328
344
277
314
354
284
293
353
298
280
347
311
267
336
330
267
321
345
275
306
349
283
290
354
303
278
348
324
274
337
337
274
324
350
282
311
366
307
310
376
326
297
370
357
306
366
368
302
346
376
299
311
362
299
287
353
312
274
344
330
272
333
347
280
320
360
336
452
655
658
660
660
659
565
376
226
180
292
342
274
296
332
266
278
338
285
268
337
304
261
331
326
266
322
347
279
313
361
294
297
362
315
291
361
335
289
357
360
295
346
376
307
334
386
321
318
382
337
303
370
347
294
353
357
287
329
357
286
302
355
293
282
349
308
271
339
325
267
328
343
277
317
358
291
305
364
309
293
361
326
287
352
341
281
337
356
286
318
361
295
300
359
305
283
351
321
275
340
336
271
325
349
281
307
355
291
293
356
307
280
352
326
275
340
344
277
326
355
286
313
371
315
315
384
339
304
375
367
313
368
373
306
348
379
300
310
360
297
284
351
312
273
341
328
271
330
347
278
311
351
325
442
653
657
661
660
658
582
357
203
192
329
369
278
293
334
271
279
339
287
264
337
310
262
328
328
266
319
347
279
309
359
298
301
366
319
293
365
345
295
361
369
305
352
384
317
340
392
331
325
389
346
311
378
358
298
355
363
293
331
361
292
304
358
298
283
347
309
269
337
325
267
327
344
277
315
356
292
301
362
309
292
361
326
283
351
346
286
337
357
289
320
365
298
301
360
310
282
350
323
276
339
337
272
324
351
281
308
356
292
292
359
310
281
349
326
274
338
346
281
326
355
286
309
363
308
308
380
342
305
373
358
308
370
377
306
347
383
312
320
366
304
287
352
313
273
339
329
272
330
346
276
312
350
281
322
472
566
659
661
660
659
647
387
155
235
340
298
310
336
270
275
338
289
264
332
306
259
325
326
263
313
343
276
303
355
295
296
362
315
287
360
339
290
356
368
303
348
381
315
338
394
334
327
390
348
315
383
363
303
361
369
296
332
366
297
308
361
299
284
350
310
267
335
324
264
322
342
273
308
352
286
297
358
305
286
353
324
278
343
338
277
331
353
283
311
357
291
293
355
306
279
347
320
269
333
334
269
318
344
274
300
350
289
287
351
303
272
341
322
269
331
336
272
317
350
283
302
354
293
285
355
320
291
365
348
289
350
369
308
345
378
310
324
376
312
288
350
311
268
335
325
265
322
340
272
310
351
283
292
351
326
392
597
658
660
661
659
586
380
236
171
264
354
288
273
327
279
258
328
299
250
318
319
255
307
334
265
295
348
287
285
350
307
279
347
330
283
347
353
288
336
372
304
327
379
317
310
380
340
306
374
358
302
360
370
300
338
371
300
311
364
304
287
351
314
272
338
325
266
322
340
272
308
350
286
296
356
304
286
357
328
281
346
343
282
336
358
290
321
366
301
302
362
311
286
354
328
278
341
341
273
322
352
282
307
358
296
295
357
309
281
351
327
274
337
343
282
334
371
308
333
385
323
324
397
351
311
377
359
300
352
353
280
319
352
284
298
355
298
282
350
316
275
342
332
270
347
435
496
659
661
660
660
658
462
222
240
267
275
348
324
250
304
330
263
294
339
274
279
344
295
271
344
320
274
341
343
282
334
362
295
323
374
314
314
381
336
307
377
358
309
372
377
310
354
385
318
339
391
328
318
380
334
296
360
341
282
340
349
279
320
356
288
305
359
299
284
350
315
278
347
335
279
338
355
288
326
370
301
311
371
316
299
366
335
289
353
347
285
338
359
288
318
364
298
302
363
310
285
353
326
277
343
342
279
327
353
286
314
362
295
294
360
315
293
368
349
302
368
371
308
362
396
322
337
389
327
316
372
319
279
346
326
270
330
340
273
315
354
285
300
352
290
279
387
449
562
660
659
659
658
608
299
195
278
285
313
351
279
258
328
295
251
319
314
255
311
332
262
296
346
282
288
351
301
282
353
326
279
345
346
288
341
368
301
333
382
319
320
384
338
312
379
355
302
366
369
301
345
373
300
320
367
303
293
354
307
271
338
318
261
324
333
265
308
344
275
294
352
293
281
351
314
277
346
334
275
334
350
283
320
359
293
304
362
303
286
355
320
272
340
332
269
324
343
275
309
353
285
290
350
298
277
346
313
265
331
328
264
317
343
275
311
364
304
310
374
323
302
381
356
298
358
359
291
336
355
274
293
342
281
277
342
296
264
333
312
258
321
330
260
306
385
423
591
659
659
659
658
537
250
209
244
256
333
326
240
279
321
256
269
327
270
254
323
293
252
319
311
255
316
336
269
304
348
284
296
359
308
288
359
333
288
358
355
293
346
373
305
333
380
318
319
380
330
301
370
341
289
350
347
279
326
352
278
297
345
284
280
344
296
264
336
318
264
327
334
271
315
349
280
302
357
299
290
357
316
279
347
332
274
336
349
279
320
356
284
298
355
297
282
350
312
271
339
328
267
326
344
274
310
352
283
291
353
306
290
360
333
292
358
354
298
363
383
305
335
379
311
308
361
305
278
347
319
270
336
333
267
319
348
280
305
355
289
311
448
534
649
661
660
659
657
471
206
210
292
267
302
345
273
263
331
290
255
326
310
255
318
332
265
308
347
282
299
356
301
289
359
325
285
355
347
290
348
364
298
335
377
310
321
382
329
311
376
343
300
366
356
292
344
363
291
321
362
294
297
358
306
279
343
313
266
332
332
267
317
346
279
308
358
298
298
363
315
285
355
332
280
346
349
283
329
360
291
313
365
302
294
358
315
280
349
329
272
334
345
278
320
354
286
304
358
299
288
354
314
278
353
346
291
355
373
306
345
393
330
333
387
330
308
372
331
281
342
332
268
325
345
274
308
354
287
293
355
301
279
346
348
391
602
659
660
661
660
621
389
242
188
269
370
308
259
322
300
251
317
319
255
304
335
267
293
347
286
283
351
308
276
348
333
278
341
353
290
335
373
309
330
385
325
316
385
346
309
377
363
306
364
375
305
343
385
314
324
380
321
298
361
321
277
345
336
271
328
347
279
313
360
298
304
366
320
301
363
324
281
357
355
288
338
364
296
327
376
311
311
371
324
302
373
348
294
350
352
294
336
351
277
303
357
295
291
351
302
269
343
325
270
330
334
264
311
352
281
298
356
294
276
340
305
276
338
321
267
335
350
277
313
351
286
304
366
314
303
376
344
304
376
366
300
349
357
318
447
644
659
661
660
660
635
413
187
171
335
371
291
326
352
292
330
381
320
329
399
354
329
404
381
320
371
363
297
349
379
310
337
394
333
336
409
366
341
419
394
339
411
416
338
383
426
361
386
446
379
360
426
385
338
403
385
324
382
392
319
362
399
321
332
390
336
327
402
367
324
399
395
332
396
420
345
371
392
298
296
359
307
286
348
312
263
330
327
261
315
347
297
325
350
257
244
313
281
264
333
319
279
335
333
274
315
348
287
298
335
277
276
324
272
239
304
292
246
305
313
251
290
328
275
290
332
275
259
315
268
218
262
247
200
260
269
196
224
268
221
238
290
238
227
288
268
289
468
610
657
659
658
575
372
228
131
174
267
246
224
258
214
176
245
250
197
252
277
219
254
300
239
248
310
264
243
315
291
240
301
307
250
291
312
249
279
327
273
275
338
295
268
336
318
269
329
335
273
320
346
276
292
338
280
272
329
287
250
307
291
239
296
305
239
275
310
249
263
311
257
251
315
279
247
313
307
257
310
324
262
297
335
273
284
336
285
267
328
300
261
324
320
264
317
336
276
307
346
288
301
355
299
276
344
326
291
355
352
295
349
385
322
341
381
321
321
374
318
283
339
314
267
325
327
264
312
342
283
305
356
302
299
358
355
428
644
660
660
660
660
637
439
262
181
257
350
299
272
324
284
251
320
309
254
311
325
265
305
343
286
302
358
308
298
365
338
303
366
362
310
364
378
317
352
392
332
339
394
345
328
390
363
321
381
376
318
363
382
316
342
384
320
321
374
325
299
358
331
284
345
348
289
336
362
298
324
374
317
314
373
333
308
371
352
303
362
367
307
348
377
315
334
382
324
315
375
336
304
367
350
296
351
363
301
339
372
310
328
385
332
326
393
361
323
390
387
333
377
385
320
351
384
313
316
366
312
291
353
322
279
342
341
284
334
350
283
310
351
332
440
655
660
661
661
661
654
458
225
172
312
374
287
289
328
272
273
330
287
262
325
303
256
317
324
264
307
337
276
299
350
296
295
357
319
290
355
341
294
352
362
304
345
378
315
330
381
326
316
377
341
304
364
347
289
339
350
285
317
351
282
291
342
289
273
334
301
262
327
321
264
318
336
272
304
346
288
297
353
307
289
353
325
282
344
343
285
332
353
289
316
359
298
299
357
310
284
348
325
279
338
342
289
338
369
312
336
381
326
331
391
341
306
368
347
292
341
342
274
313
343
280
297
346
291
284
345
308
276
336
322
270
366
481
574
661
661
661
661
640
343
167
263
309
293
333
306
248
304
322
258
292
331
271
282
338
290
272
336
309
270
335
334
279
330
354
293
325
369
313
317
376
333
313
377
354
311
373
372
314
360
384
321
343
386
326
320
374
328
297
355
331
277
330
332
270
312
337
273
293
341
285
278
341
304
274
337
322
272
330
341
283
324
358
295
311
365
311
299
359
322
285
346
335
281
333
345
282
316
353
289
298
352
301
285
348
316
282
351
348
298
352
372
307
343
394
332
327
378
329
306
362
325
274
332
327
265
314
338
275
300
342
286
289
348
301
271
333
356
421
645
660
659
660
660
568
311
214
212
290
363
297
249
311
299
251
308
316
257
299
331
271
289
341
288
281
344
309
277
343
333
283
340
354
294
333
371
311
326
382
331
319
381
350
315
377
369
312
364
381
317
344
379
313
316
367
312
288
347
314
269
329
320
259
310
332
268
297
341
283
287
346
302
280
345
321
275
337
340
281
326
352
288
311
356
297
294
352
310
281
343
324
274
331
336
275
318
346
282
300
348
292
286
346
307
274
338
323
269
327
337
275
313
349
288
302
354
301
293
364
335
305
371
359
303
362
385
320
346
382
320
325
372
311
284
340
308
266
326
321
264
313
332
269
300
342
278
279
336
326
403
621
660
660
660
660
562
328
210
196
301
364
283
265
320
281
254
315
294
248
307
314
255
302
331
268
291
341
288
285
347
310
285
349
335
285
344
355
295
337
374
313
329
380
325
317
379
344
307
368
357
301
355
367
301
332
363
298
303
351
297
279
340
306
264
322
314
259
314
333
268
300
343
284
292
349
302
282
346
320
279
339
337
279
325
349
287
313
355
292
293
353
306
278
341
319
273
330
331
269
314
342
278
300
347
289
289
346
302
274
340
321
270
328
339
278
319
349
287
306
356
301
294
358
327
301
368
353
297
357
378
316
346
380
319
329
377
315
291
348
315
274
336
332
275
323
340
279
312
354
294
303
356
339
410
614
659
659
660
659
592
397
249
184
265
349
295
284
334
289
264
328
306